2.968000
3.072000
3.085333
3.076000
3.096000
3.098667
3.114286
3.127000
3.129778
3.136800
3.133091
3.126000
3.124923
3.129714
3.130133
3.118000
3.112000
3.111556
3.116632
3.114800
3.108190
3.110545
3.110261
3.117000
3.111040
3.115692
3.117333
3.114857
3.118621
3.118133
3.120000
3.120500
3.117818
3.117882
3.118857
3.118444
3.115676
3.116211
3.117538
3.118800
3.119024
3.117714
3.117767
3.116364
3.115022
3.113217
3.113362
3.117500
3.116245
3.116800
3.118588
3.119846
3.120755
3.121778
3.121309
3.122571
3.121544
3.121655
3.120814
3.121733
3.122754
3.122194
3.124063
3.123750
3.123938
3.126424
3.124299
3.124118
3.124522
3.125486
3.125183
3.122556
3.123945
3.122054
3.123200
3.123579
3.124156
3.124923
3.124051
3.123300
3.123259
3.124293
3.122699
3.122667
3.122071
3.121953
3.123586
3.123545
3.123775
3.124711
3.124835
3.125913
3.126194
3.124851
3.125726
3.125083
3.124124
3.124571
3.125495
3.124960
3.124594
3.124471
3.125126
3.125308
3.126019
3.124981
3.124935
3.124370
3.124991
3.125673
3.126414
3.128357
3.126655
3.126947
3.126330
3.125655
3.124991
3.124881
3.124235
3.124333
3.123901
3.124000
3.123967
3.124452
3.124224
3.123746
3.124724
3.124500
3.124465
3.124185
3.124580
3.125333
3.125594
3.126388
3.126993
3.126941
3.126949
3.127188
3.127309
3.127371
3.126468
3.126592
3.125706
3.125944
3.126455
3.126575
3.126476
3.127946
3.128268
3.128427
3.129325
3.130053
3.130196
3.130286
3.129548
3.129538
3.129580
3.129924
3.130063
3.130700
3.130634
3.130222
3.130503
3.130488
3.131200
3.130458
3.129772
3.129714
3.129988
3.130682
3.130901
3.131395
3.131931
3.132690
3.132617
3.132545
3.132791
3.132584
3.132380
3.132356
3.132508
3.132220
3.132328
3.133261
3.133189
3.132473
3.132278
3.132170
3.133122
3.132968
3.132901
3.132792
3.132933
3.132784
3.132431
3.132694
3.132873
3.132727
3.132864
3.132920
3.133095
3.133901
3.134463
3.134510
3.134400
3.134602
3.134802
3.134269
3.134124
3.133752
3.133763
3.133547
3.133634
3.134093
3.134214
3.135037
3.135078
3.134679
3.134466
3.134727
3.134624
3.134883
3.134601
3.134750
3.135111
3.134938
3.135436
3.135333
3.134882
3.134504
3.134788
3.135034
3.135897
3.136034
3.136000
3.136678
3.136405
3.137008
3.137439
3.136967
3.137062
3.136992
3.136988
3.136885
3.137273
3.137463
3.137555
3.137452
3.137767
3.137792
3.137817
3.137683
3.137391
3.137260
3.136910
3.137188
3.137307
3.136806
3.136803
3.136492
3.136705
3.136916
3.137186
3.137576
3.137389
3.137594
3.137288
3.137254
3.137279
3.137393
3.137624
3.137706
3.137993
3.137606
3.137135
3.137014
3.136462
3.136317
3.136746
3.136371
3.136456
3.136454
3.136367
3.136789
3.136786
3.136476
3.136557
3.136639
3.136554
3.136552
3.136495
3.136493
3.136819
3.136707
3.136515
3.136649
3.135973
3.136215
3.136321
3.136480
3.136718
3.136901
3.136713
3.136684
3.136787
3.136863
3.137199
3.137013
3.137036
3.137084
3.136977
3.137333
3.137329
3.137019
3.137295
3.137266
3.137691
3.137333
3.137204
3.136975
3.136798
3.137093
3.137015
3.136543
3.136591
3.136589
3.136489
3.136634
3.136778
3.136970
3.136870
3.137084
3.137225
3.136838
3.136788
3.136929
3.137092
3.137349
3.137581
3.137341
3.137408
3.137170
3.137190
3.137186
3.137252
3.137341
3.137522
3.137402
3.137650
3.137669
3.137823
3.137455
3.137632
3.137695
3.137915
3.137978
3.137591
3.137654
3.137426
3.137556
3.137440
3.137724
3.137521
3.137582
3.137468
3.137486
3.137482
3.137457
3.137409
3.137492
3.137315
3.137376
3.137480
3.137540
3.137621
3.137660
3.137825
3.137778
3.137984
3.138189
3.138079
3.138513
3.138381
3.138583
3.138577
3.138508
3.138625
3.138763
3.138653
3.138400
3.138578
3.138633
3.138585
3.138315
3.138592
3.138424
3.138700
3.138573
3.138366
3.138420
3.138234
3.138448
3.138263
3.138455
3.138607
3.138404
3.138398
3.138471
3.138641
3.138517
3.138569
3.138563
3.138615
3.138493
3.138429
3.138192
3.138321
3.138201
3.138368
3.138305
3.138280
3.138123
3.137872
3.137887
3.137656
3.137784
3.137967
3.138112
3.138312
3.138381
3.138450
3.138278
3.138254
3.138286
3.138262
3.138385
3.138581
3.138648
3.138825
3.138782
3.138902
3.139005
3.139178
3.139153
3.138858
3.138960
3.138541
3.138607
3.138405
3.138169
3.138678
3.138867
3.138702
3.138907
3.138655
3.138386
3.138521
3.138568
3.138597
3.138452
3.138447
3.138476
3.138523
3.138328
3.138340
3.138489
3.138501
3.138735
3.138576
3.138638
3.138599
3.138729
3.138605
3.138565
3.138425
3.138387
3.138214
3.138276
3.138372
3.138383
3.138462
3.138456
3.138634
3.138777
3.139019
3.139111
3.139023
3.139492
3.139452
3.139461
3.139454
3.139593
3.139408
3.139498
3.139362
3.139548
3.139590
3.139695
3.139655
3.139728
3.139816
3.139936
3.139928
3.139984
3.140135
3.140032
3.140103
3.140016
3.140196
3.140000
3.139945
3.139906
3.140133
3.140016
3.140039
3.140047
3.139791
3.139707
3.139715
3.139615
3.139608
3.139693
3.139763
3.139771
3.139977
3.140000
3.139962
3.139818
3.139932
3.139909
3.139887
3.139850
3.139827
3.139610
3.139305
3.139448
3.139516
3.139688
3.139666
3.139659
3.139623
3.139749
3.139639
3.139647
3.139435
3.139326
3.139408
3.139650
3.139585
3.139855
3.140138
3.140087
3.139978
3.139942
3.139777
3.139741
3.139720
3.139713
3.139750
3.139914
3.139893
3.140071
3.140362
3.140426
3.140432
3.140353
3.140289
3.140352
3.140316
3.140435
3.140413
3.140462
3.140300
3.140376
3.140424
3.140444
3.140381
3.140166
3.140159
3.140193
3.140117
3.140041
3.140075
3.139849
3.139788
3.139604
3.139571
3.139510
3.139572
3.139593
3.139628
3.139554
3.139616
3.139623
3.139550
3.139477
3.139578
3.139411
3.139486
3.139773
3.139834
3.139654
3.139595
3.139669
3.139927
3.139815
3.139822
3.139882
3.139836
3.140039
3.139967
3.140144
3.140007
3.139922
3.139980
3.139948
3.139916
3.139974
3.140045
3.140155
3.140277
3.140399
3.140533
3.140487
3.140211
3.140141
3.140185
3.140229
3.140197
3.140089
3.140197
3.140241
3.140234
3.140404
3.140359
3.140226
3.140345
3.140439
3.140357
3.140363
3.140381
3.140224
3.140031
3.139975
3.140019
3.140136
3.140155
3.140136
3.140203
3.140111
3.140006
3.140061
3.140092
3.140183
3.140153
3.140159
3.140152
3.140292
3.140370
3.140230
3.140321
3.140266
3.140259
3.140084
3.140138
3.140240
3.140150
3.140096
3.140149
3.140203
3.140137
3.140083
3.140089
3.139917
3.139840
3.140059
3.140183
3.140106
3.140171
3.140118
3.140347
3.140270
3.140310
3.140480
3.140543
3.140478
3.140530
3.140419
3.140366
3.140359
3.140145
3.140104
3.140202
3.139988
3.140086
3.140138
3.140235
3.140287
3.140189
3.140171
3.140074
3.140046
3.139994
3.139864
3.139733
3.139875
3.139881
3.139819
3.139994
3.140113
3.140197
3.140079
3.140006
3.140056
3.140106
3.140246
3.140318
3.140022
3.140072
3.140211
3.140272
3.140410
3.140293
3.140309
3.140314
3.140309
3.140413
3.140363
3.140565
3.140614
3.140575
3.140645
3.140704
3.140654
3.140833
3.140859
3.140972
3.141095
3.141164
3.141081
3.140988
3.141046
3.141104
3.141204
3.141101
3.141019
3.140905
3.140941
3.140999
3.140800
3.140900
3.141011
3.141025
3.140997
3.141065
3.141026
3.140988
3.140908
3.141049
3.140979
3.140983
3.140924
3.140928
3.140806
3.140716
3.140815
3.140881
3.140823
3.140817
3.140842
3.140866
3.140756
3.140719
3.140848
3.140903
3.140938
3.140911
3.140925
3.140806
3.140810
3.140835
3.140931
3.140935
3.140908
3.140973
3.140916
3.140869
3.140924
3.140938
3.140800
3.140733
3.140687
3.140661
3.140544
3.140558
3.140553
3.140517
3.140401
3.140385
3.140370
3.140494
3.140489
3.140413
3.140418
3.140462
3.140377
3.140292
3.140396
3.140460
3.140543
3.140469
3.140384
3.140487
3.140462
3.140348
3.140353
3.140230
3.140401
3.140366
3.140302
3.140365
3.140311
3.140403
3.140524
3.140538
3.140484
3.140343
3.140261
3.140410
3.140395
3.140265
3.140269
3.140235
3.140153
3.140101
3.140115
3.140062
3.140134
3.140167
3.140019
3.140024
3.139933
3.139881
3.139886
3.139853
3.139735
3.139759
3.139745
3.139845
3.139896
3.139995
3.140150
3.140174
3.140075
3.140136
3.140178
3.140182
3.140242
3.140452
3.140391
3.140358
3.140408
3.140450
3.140278
3.140180
3.140249
3.140254
3.140350
3.140400
3.140497
3.140565
3.140651
3.140738
3.140714
3.140763
3.140840
3.140871
3.140856
3.140860
3.140927
3.140994
3.141034
3.141101
3.141122
3.141144
3.141129
3.140924
3.140856
3.140814
3.140746
3.140848
3.140915
3.141017
3.141047
3.141032
3.141009
3.141048
3.140935
3.140707
3.140622
3.140839
3.140922
3.140899
3.140673
3.140773
3.140786
3.140666
3.140590
3.140594
3.140800
3.140883
3.140912
3.140846
3.140963
3.140852
3.140847
3.140868
3.140819
3.140770
3.140809
3.140760
3.140876
3.140940
3.141013
3.141034
3.141089
3.141143
3.141181
3.141236
3.141273
3.141310
3.141382
3.141316
3.141242
3.141330
3.141299
3.141319
3.141407
3.141316
3.141319
3.141348
3.141130
3.141056
3.141076
3.141071
3.140981
3.141086
3.141190
3.141168
3.141128
3.141081
3.141092
3.141154
3.141208
3.141143
3.141105
3.141066
3.141111
3.141072
3.141150
3.141278
3.141198
3.141308
3.141320
3.141248
3.141325
3.141419
3.141256
3.141276
3.141303
3.141232
3.141210
3.141336
3.141257
3.141268
3.141410
3.141257
3.141325
3.141287
3.141273
3.141390
3.141312
3.141396
3.141488
3.141612
3.141590
3.141666
3.141644
3.141606
3.141519
3.141481
3.141540
3.141478
3.141586
3.141475
3.141534
3.141448
3.141531
3.141582
3.141552
